.Random.seed <-
c(403L, 10L, 1867043544L, 51476027L, 1224983513L, 600879464L, 
-1240282986L, -833780207L, -59031613L, -1088551982L, 1020001892L, 
1273236903L, -478895363L, 152377076L, -497040934L, -436107995L, 
1326941247L, 504476614L, 1022861392L, 622890099L, -1317560175L, 
905248960L, -1159206242L, -1239669143L, 622139035L, -1295352918L, 
114286540L, -26209649L, -1629078843L, 874730108L, 619282130L, 
-1559733683L, -2032879865L, 1970100974L, -925462584L, -1803251509L, 
-1642991319L, -1898657416L, -1899323738L, 1186351297L, -1168129709L, 
1181462018L, -2035550412L, -1405619017L, -1211423571L, 636682692L, 
1641423338L, 1971469909L, 1773866991L, -2093924362L, -432932576L, 
85604067L, -457912447L, -1670243856L, 1012549774L, 619130873L, 
-540277365L, 1881661882L, -753098564L, -282885121L, 1810714965L, 
84413036L, -1699651902L, 2085095709L, 156753815L, -767026434L, 
-1394753352L, 1448757915L, 1460463865L, 689560136L, 373327222L, 
731747505L, -700720925L, 1612175282L, -768047100L, 1824774983L, 
-2060324323L, 1312442516L, -906672070L, -223401339L, -807773345L, 
282702822L, -2114863504L, -1583746669L, 799323697L, 1602301152L, 
1628765566L, -2030817271L, -2030198725L, -1441780214L, -1121550868L, 
911372911L, 898153893L, 818871644L, -498466510L, 1913987117L, 
298589927L, -1977404402L, -594592280L, 1401808875L, 1935554697L, 
-1167254504L, 137919302L, 1594263969L, -936167373L, -1741687390L, 
-2119708524L, -406653161L, 1777041677L, -2062882780L, -2050136054L, 
1489198453L, 40766671L, -214802474L, 636116864L, 995480515L, 
1998706017L, -154883120L, -1261876434L, -439994663L, -673127189L, 
437560666L, 995874588L, 2108035615L, 1273574005L, 1050541836L, 
1899229922L, 1824450493L, 548954167L, 396536542L, -55077352L, 
-802375301L, -1367690983L, 648994216L, -938868394L, -1176763951L, 
610484611L, 1952432146L, -613076060L, 131548007L, -957359939L, 
1342840884L, 503231386L, -2093924379L, -154563713L, 1879964422L, 
-953125744L, -353352397L, 1828365009L, 744106112L, 788123998L, 
24307369L, -1884892837L, -1831847062L, -448843252L, 1464029775L, 
74317573L, 1998223292L, 345551506L, 371521933L, 215146951L, 1242137262L, 
1902840584L, -168085237L, 572327913L, -973414216L, 1481820006L, 
826991617L, 30855827L, 832828738L, 1791908596L, 774940407L, 2043602669L, 
-1810828924L, -442597462L, 983172373L, -1879822417L, 546135990L, 
-1030404640L, -746136285L, -436669887L, 395287856L, -1749534898L, 
197221817L, 953810891L, 2069771386L, 1250174332L, -1896923713L, 
-1963296107L, 19425452L, -1545899390L, 1351694941L, -1176097449L, 
-11448258L, 1942648L, -793972901L, -706798919L, 2100442888L, 
1319833014L, -926002447L, -106588893L, -480784526L, -388686396L, 
1334289799L, 152594269L, -1940674220L, 299051898L, -996504891L, 
-1456989153L, -240800858L, 1339829552L, -2042097709L, -2065826319L, 
-590525664L, -850827842L, -2021761591L, -1549368965L, -1613805750L, 
-1648076884L, -1385931089L, 476699749L, -1624699876L, 1349919346L, 
-1402891027L, 1465093415L, -820823730L, 1238292904L, 1314413995L, 
1240790729L, 1631250892L, -2087414304L, 2137323202L, -106240984L, 
-933711188L, 1935140028L, -699405838L, 930591024L, 1724028068L, 
-329611592L, -675037862L, -1292143216L, -586394756L, 940435732L, 
874251074L, -494871808L, 951285692L, -30679216L, -2099625182L, 
-1233134264L, -1112446452L, 1783285852L, 324762834L, 1236998656L, 
443215188L, 1628150248L, -1629385734L, -163331888L, 2055179564L, 
658744052L, -1491068526L, -536365984L, -1892178676L, 615715552L, 
-298366622L, 695474856L, -1843133876L, -95719044L, -593214158L, 
-555618192L, -1945204924L, 1755315672L, -1424487302L, -1946538448L, 
559614652L, -350249132L, 530388034L, 2107735456L, -899331396L, 
-593741360L, -1789919902L, 1071312872L, 1625425868L, -1758441732L, 
-613309966L, -125794176L, -488962828L, 307562120L, 1017009978L, 
-1193381040L, -1170545044L, -978255724L, 1745260882L, 1453440736L, 
-1664011572L, -1703874400L, 649608066L, -535498008L, 603558636L, 
-1315857348L, -162688398L, -1307872144L, -451819996L, -1495251912L, 
-7260134L, -1338385712L, -21146564L, 563553428L, -1369596798L, 
-1888532544L, -1792616132L, 1889129104L, 1570352162L, -371571704L, 
558008460L, 1087847452L, -308586862L, 29066368L, -765358060L, 
-1627527896L, 1392332346L, -1548458800L, -258091924L, -1995165004L, 
821499922L, 1908377568L, -1418809396L, -1934324256L, 1803796002L, 
1283664168L, 1584238860L, -1343068612L, -2029907726L, 320285424L, 
-140061884L, 1897650776L, 75989562L, 48039664L, -344126276L, 
-52949484L, 223510722L, 949952608L, 206744956L, -1573897008L, 
840846370L, 1748318888L, -1642741876L, 1127258556L, -1841920974L, 
-1284274368L, 2110380212L, -1715162296L, 699747002L, -915730672L, 
982825196L, -395226028L, 369473298L, -541248608L, -84107316L, 
1783540576L, -954834750L, -1157544408L, -361032276L, 1196216124L, 
366698354L, -1516014800L, -923950556L, -1664094152L, -59831078L, 
-1319583344L, 1510782716L, 1984106388L, -1583750334L, -1041311232L, 
-875224516L, 1010947664L, 1295258274L, -1262568632L, 1141774860L, 
-781669156L, -1171180974L, 266979456L, -97698988L, -620162584L, 
1679780602L, -850536624L, 1673438252L, -532048524L, 1882676882L, 
-49825184L, 1230918284L, 2101078880L, 791917282L, 1045551272L, 
199512268L, -824753668L, 1296170930L, -942565904L, 2023075268L, 
-1587906728L, 887479162L, 911195568L, -1616477764L, -1590550444L, 
-1740934206L, -860986592L, -723658820L, 325694032L, -2125550110L, 
-2045775512L, -1293234868L, -2031116036L, 451838706L, -1756188928L, 
481820276L, 323633160L, -352439878L, -1102032944L, -1269085716L, 
-642013292L, -1386704174L, 765984352L, 1620125004L, 1038304544L, 
-2043663742L, -1475536408L, 2004451308L, 2120795708L, -1811954062L, 
700427120L, -1033754332L, -506748360L, 1068456346L, 1223653840L, 
56780220L, 441456788L, -1645382526L, 1504486848L, 1544719164L, 
531967120L, -1809884382L, 820950536L, -640424692L, 109245852L, 
-622350830L, 516144000L, -492317932L, 1632268584L, 422855738L, 
590310352L, 1419221612L, 1650381364L, 839342738L, 1568826720L, 
1106401612L, -55433248L, 2056172962L, -1987235140L, -102485782L, 
-806097633L, -500730455L, 1125258046L, 943828524L, 41180285L, 
419915463L, -58630224L, -1730383410L, 1825581819L, -356124323L, 
1611582090L, 829323432L, -1983214575L, -331391741L, -1365987324L, 
-145653710L, 921348231L, -1740692271L, 1962180182L, 1313328692L, 
-2072337083L, 1399941007L, -109604088L, 209524006L, 1040846291L, 
-1376270539L, -1207775598L, 158530144L, 1774181321L, -409183493L, 
665445580L, 1972256090L, 1847218255L, 533265689L, 529938222L, 
-1381086916L, 990232237L, -817497769L, 687831200L, 813303294L, 
1744246987L, -105060659L, -1682738694L, -605238728L, -452442143L, 
1356431507L, 412918452L, -1241337918L, 1223187415L, 85472289L, 
-149519386L, -726913308L, 927676949L, -1474923969L, 1437780440L, 
1195360246L, -288815101L, -1841945787L, 1528588130L, -1025111856L, 
-445697031L, 75599659L, 499362972L, -711662902L, -1622365249L, 
-1201625335L, -1449717730L, -635543092L, 1600564125L, -1852332505L, 
830516304L, -1474685714L, 1677332891L, -1999386627L, 865354474L, 
1543427464L, 778392369L, -1361818717L, 48405412L, 1143666258L, 
-175811161L, -1215786511L, -345914058L, 1403694548L, 2033124197L, 
1018465135L, 866436520L, -937960698L, -148906445L, -397814635L, 
1170984178L, -1215447744L, -725351767L, 1265404699L, 767769836L, 
-760889094L, -212598481L, 800912697L, -754698418L, -110035556L, 
437722893L, 1588599159L, 245857664L, 183229406L, -314297173L, 
1793691565L, 1411187738L, -1217697064L, -1949818047L, 2127467507L, 
-1136370156L, -665569374L, -919271241L, 1984549505L, 786821766L, 
2083259076L, 310092789L, -1358087585L, -1695126344L, -1142576746L, 
-1392495709L, -143972507L, -1287692670L, -1667908624L, -1540473447L, 
-1875004533L, 325582460L, 1396602026L, 1150592735L, -2069218199L, 
1488230014L, 1483071084L, -675282243L, -89366649L, 12979056L, 
-2042824178L, 1396594491L, -211104739L, -1722415926L, 1996013544L, 
1982844113L, -572118845L, 1218240452L, 1478270066L, -1314474681L, 
